8N05240 8N05240 0.267302 -0.234097 -0.0225133 0.0472179 -0.038012 0.00023123 0.477143 -0.573001 0.19797 0.235187 0.379119 -0.0365147 -0.0575497 0.0636173 -0.258152
8N05890 8N05890 0.267867 -0.247308 -0.00552199 0.0391905 -0.0339516 0.0353787 -0.035015 -0.304723 0.0689735 -0.344864 -0.69694 0.0843192 0.0801499 -0.281891 -0.258115
8N06612 8N06612 0.263578 -0.206011 0.0133865 0.0201849 0.0304052 0.0595683 0.560704 0.621886 -0.30875 -0.0951266 -0.0450508 -0.0176441 0.0292064 0.087365 -0.25825
8N73248 8N73248 0.26634 -0.276083 0.000418993 0.0375106 0.00279198 -0.0959502 -0.490913 0.0273854 -0.0216704 0.021309 -0.000152779 -0.0104005 0.0275099 0.729465 -0.258004
8N73604 8N73604 0.268709 -0.260812 0.000515437 0.0553666 0.0125715 -0.090675 -0.436423 0.243496 0.0214707 0.172799 0.356686 -0.0181899 -0.0709773 -0.607599 -0.257839
K006 K006 0.0519947 0.415065 -0.431237 0.141507 -0.00135047 -0.735922 0.0751244 0.0256764 0.0339316 -0.031752 -0.0504701 0.0141944 -0.00270192 -0.00489834 -0.257299
K010 K010 0.0424387 0.336099 0.668682 0.200568 0.566752 -0.0748299 -0.00322599 -0.0642746 -0.0231508 -0.00583345 -0.00422716 -0.00203041 -0.00596344 -0.00214654 -0.257474
K011 K011 0.114716 0.40467 0.35621 0.0416737 -0.780995 0.122379 -0.037979 0.0307388 -0.00459941 0.0172579 0.0163312 0.011376 -0.00183924 0.00980084 -0.257544
K015 K015 0.0912853 0.371052 -0.482043 0.321407 0.19273 0.634887 -0.0958676 -0.0131407 -0.0187046 0.021534 0.0333042 -0.0155416 0.00452231 0.0169907 -0.257404
K019 K019 0.113081 0.233266 -0.0728354 -0.907482 0.156778 0.0953292 -0.0313401 -0.00775732 0.0499817 0.00679462 0.00856142 -0.0110247 -0.0120603 -0.0046801 -0.257594
Lesina_280 Lesina_280 -0.351268 -0.110815 -0.0147527 -2.45327e-05 -0.0269693 0.0147564 -0.0056753 -0.0415217 -0.156811 -0.0656391 -0.0569209 0.125997 -0.863562 0.0261847 -0.258793
Lesina_281 Lesina_281 -0.348727 -0.10219 -0.0131142 -0.0133612 -0.0194389 -0.00978215 0.00107542 -0.0369976 -0.25626 0.744863 -0.341903 -0.0493745 0.239065 -0.0405576 -0.259096
Lesina_282 Lesina_282 -0.349923 -0.10195 -0.0090335 -0.00622542 -0.0435166 -0.0130196 -0.0362594 -0.112745 -0.174388 -0.370272 0.160554 -0.746449 0.17923 -0.0355539 -0.25901
Lesina_285 Lesina_285 -0.340857 -0.114533 0.0290902 0.0434408 0.00344388 0.0543593 0.0786451 0.313631 0.824695 -0.0092157 -0.055647 0.0278304 0.0762031 0.057714 -0.259294
Lesina_286 Lesina_286 -0.348954 -0.100134 -0.0175905 -0.0208683 -0.0203533 0.00260446 -0.0213565 -0.109061 -0.233334 -0.297032 0.297092 0.643299 0.377601 -0.0141661 -0.259103
